BlockingGEMM Result
683 634 545 753 660 597 730 606 781 594 637 610 531 505 533 
638 575 627 742 611 521 694 615 795 727 608 522 540 531 513 
554 545 498 668 567 476 692 561 665 605 458 425 518 534 420 
790 715 586 884 687 547 797 712 782 721 615 630 597 563 493 
713 748 581 872 747 672 746 680 858 633 650 626 597 637 471 
717 635 539 735 619 490 656 555 620 667 615 598 535 640 453 
765 770 568 888 646 565 731 643 799 708 663 652 566 586 476 
508 522 531 564 574 444 552 483 561 524 504 432 439 478 374 
689 602 492 798 639 519 606 655 660 552 579 536 452 460 340 
582 498 544 742 612 564 648 593 717 651 528 544 450 431 414 
735 567 522 796 581 525 615 628 669 546 590 559 590 496 468 
545 491 427 695 599 509 503 502 623 472 530 464 426 496 353 
670 570 511 795 643 554 730 638 742 573 609 602 591 593 449 
738 691 559 840 646 525 794 652 807 725 621 546 611 535 487 
682 617 561 763 654 547 709 644 756 596 546 567 531 522 465 
629 546 491 613 496 403 606 522 654 581 509 503 475 450 389 
587 472 506 617 458 367 660 529 647 529 537 499 503 478 445 
563 456 473 586 443 430 581 532 610 515 471 436 415 321 434 
533 518 486 653 639 581 602 586 694 544 508 442 393 443 489 
650 694 617 829 712 645 709 624 816 629 541 538 586 560 569 
Execution Time: 0 ms
