Simple GEMM Result 
682 757 882 964 875 779 893 834 725 849 932 793 793 1190 951 898 876 703 1089 868 822 772 670 827 919 674 744 803 796 783 880 872 782 814 720 732 934 914 948 743 842 907 926 620 922 892 751 864 921 657 
1039 1251 1206 1394 1295 1150 1312 1130 1166 1245 1166 1071 1265 1651 1302 1244 1089 1055 1481 1313 1234 1193 1033 1152 1192 1014 1070 1267 1064 1018 1296 1174 1156 1211 1104 1049 1176 1172 1277 1064 1300 1322 1207 1102 1268 1322 1176 1148 1330 872 
770 854 843 958 995 921 904 871 789 909 1042 809 849 1319 938 905 830 802 1057 914 939 893 800 869 890 666 795 948 673 887 904 759 924 837 818 718 831 907 988 752 879 928 913 843 1007 977 962 871 977 704 
981 1106 1110 1103 1170 1081 1172 1015 1084 1019 1066 996 1132 1496 1217 1171 918 1077 1228 1148 1137 968 959 1111 1054 904 1042 1073 860 950 1150 933 1102 1073 974 888 1059 1079 1001 892 1059 1175 1097 911 1023 1105 1037 917 1119 833 
930 1016 1013 1127 1110 974 1038 960 838 1026 1067 914 1065 1433 1094 1066 831 922 1100 1113 1067 1023 956 1010 884 698 957 1070 758 889 881 805 1019 981 867 809 1018 945 1010 832 1048 1007 897 876 1041 1121 954 1006 1096 755 
906 975 949 1127 1168 1024 1049 1023 858 1074 1103 957 1034 1417 1046 995 834 851 1163 918 1061 996 780 964 1037 821 914 1004 911 917 1104 965 1141 940 916 710 960 936 1068 796 990 1082 1052 903 1139 1085 949 926 1103 732 
860 917 874 1114 1108 936 954 812 937 1121 966 988 1050 1343 1080 1054 944 796 1243 1026 1038 943 916 952 1066 757 916 946 838 838 875 880 966 1016 924 950 1041 832 954 852 1032 1122 975 828 1058 1166 947 1010 1011 731 
925 1027 1052 1187 1172 1006 1080 938 961 1077 1033 982 1098 1384 1136 1131 947 861 1229 1071 1091 873 926 1018 1056 817 891 936 891 924 975 983 1017 1033 934 1004 1102 976 990 837 1084 1084 963 841 995 1167 970 911 1105 774 
919 1019 1004 1201 1155 1035 1070 987 941 1026 1086 1031 1111 1430 1125 973 858 1005 1281 1036 1079 1000 925 1026 1029 800 943 1032 866 994 1034 897 1001 956 950 898 1099 906 1008 886 1061 1127 1029 946 948 1121 1153 964 1165 911 
1034 1080 1033 1291 1183 1139 1142 1094 1092 1136 1256 1206 1131 1535 1312 1058 1072 883 1368 1188 1030 1161 1015 1118 1151 968 1002 1049 997 1084 1112 1108 972 1131 962 935 1028 1120 1312 1034 1240 1376 1213 899 1288 1248 1176 1119 1154 936 
930 1005 1082 1179 1135 1081 1065 966 975 1102 1001 909 1127 1357 1148 1069 939 996 1234 1027 1110 966 924 1062 1065 900 1046 1003 846 1028 1162 919 1046 1014 907 899 987 1016 1046 883 1120 1080 1086 916 1061 1175 1122 928 1113 743 
951 988 1105 1135 1164 1114 1075 1045 1033 1093 1086 1090 1192 1436 1111 1126 1037 948 1174 1071 1129 1025 1005 1068 1046 809 1027 1110 850 935 1081 966 1072 1061 934 810 1055 1134 1098 831 1065 1113 1051 906 1111 1083 1017 913 1042 764 
867 957 984 1259 1183 1096 1084 953 1074 1121 1201 1022 1119 1456 1249 998 1025 943 1298 1089 1059 987 947 952 1093 741 884 1057 808 1081 968 916 890 1204 984 888 1056 963 1132 894 1113 1018 994 970 1128 1173 1033 920 1066 834 
786 888 808 1070 974 891 886 826 839 929 888 821 949 1251 969 944 775 730 1050 933 869 773 776 778 940 745 738 883 817 876 881 792 912 919 846 784 860 776 854 706 917 881 884 796 907 1040 891 838 941 602 
953 976 970 1144 1200 1138 985 937 959 960 1097 1046 951 1420 1159 990 1001 936 1282 1109 1037 1064 831 1039 1049 886 997 974 879 932 1000 912 1015 939 911 796 999 925 1148 906 1112 1230 1052 847 971 1179 1091 888 1067 800 
950 1028 1125 1259 1320 1183 1126 1124 1165 1165 1205 1030 1185 1530 1274 1073 1057 1008 1394 1130 1167 1019 992 1168 1100 891 993 1174 826 1036 1221 1011 1080 1221 1054 938 1074 1122 1197 965 1230 1109 1057 1015 1171 1239 1093 993 1203 881 
941 1107 1045 1332 1303 1294 1211 1009 1145 1230 1148 1075 1060 1601 1260 1171 1017 1058 1293 1218 1223 1078 1019 1082 1075 947 1090 1140 996 1065 1168 982 1056 1218 1001 1006 1152 1031 1213 912 1149 1192 1177 975 1141 1301 1096 981 1204 960 
790 809 822 1010 1023 1019 928 797 947 866 900 912 939 1261 1002 929 917 836 1035 965 947 936 839 891 848 713 886 985 760 848 965 765 869 1045 821 748 815 804 951 782 864 949 949 812 1066 932 857 836 895 661 
898 1094 927 1163 1299 1085 1012 887 883 1028 1063 1030 1088 1436 1185 1094 1035 905 1296 967 1100 1034 804 951 990 780 945 969 772 1084 999 845 1019 1010 967 882 1056 835 1055 894 1102 1061 999 940 1043 1159 1088 906 1038 778 
938 1033 1063 1257 1144 1014 1161 1045 1092 1080 1134 995 1184 1401 1236 1027 969 940 1217 1083 1071 1022 977 1070 1063 907 937 1134 852 1049 1218 1004 1042 980 1113 932 998 1186 1158 895 1077 1187 1073 967 1098 1089 1080 966 1150 797 
873 944 937 1088 1235 1179 1041 939 1004 1006 1003 1138 1113 1382 1112 1168 1061 1072 1162 1053 1122 988 871 989 1036 880 1043 1042 811 1083 1053 773 1098 999 995 884 986 837 1002 915 1017 1044 1058 962 1081 1061 1106 909 1054 773 
812 817 828 938 926 967 882 792 844 911 939 792 862 1224 965 1013 788 774 1011 886 862 899 737 840 819 692 815 813 786 839 827 840 879 936 749 758 915 784 956 747 905 851 769 711 999 969 877 858 923 757 
912 1045 1067 1164 949 968 1003 1037 949 983 1036 951 1073 1331 1071 1047 1065 918 1193 997 1039 1030 976 1069 1053 859 933 951 875 988 1042 941 1052 1048 892 852 1051 1033 1081 806 1041 1121 1137 861 1132 1076 1016 1008 1083 770 
798 786 879 955 933 829 875 842 826 825 874 865 994 1104 959 846 850 743 962 938 956 773 818 804 862 697 749 941 601 768 944 716 871 845 871 729 672 872 896 794 862 985 867 792 901 907 865 798 877 581 
991 1124 1015 1264 1210 1137 1081 1098 1027 1125 1126 1013 1239 1437 1238 1096 1015 1085 1307 1062 1067 1148 958 1059 1148 918 1032 1052 907 1023 1110 1022 1161 1058 986 822 1054 1051 1130 921 1202 1191 978 1020 1091 1141 1144 1021 1187 745 
948 928 959 1094 1158 1090 1041 1014 918 1064 1045 999 1091 1387 1115 1111 903 909 1244 954 1076 955 869 955 1128 890 946 952 961 988 1042 883 1119 989 936 878 997 946 927 957 1065 1066 1094 823 1076 1172 996 1007 1096 767 
760 967 948 1042 904 880 846 983 837 932 1082 770 990 1297 1025 831 738 755 1090 904 792 825 939 987 925 626 728 933 698 849 899 872 772 1058 851 789 873 869 1008 823 970 937 887 829 1037 1047 877 819 939 793 
854 1025 982 1192 1247 1053 1056 884 1076 1044 1034 935 1046 1308 1172 974 995 1010 1211 1048 1134 989 976 1066 964 818 982 1039 791 970 1024 823 1081 1063 1002 948 1078 894 1053 887 1081 1090 1017 977 1041 1146 1070 917 1095 898 
928 1099 1031 1102 924 886 1064 1012 925 940 1054 901 1033 1357 1020 1061 891 860 1209 969 960 950 939 969 1041 831 946 924 919 877 1021 945 998 1051 816 832 887 1030 993 785 982 1080 1059 853 1093 1037 979 1043 1097 850 
720 993 944 1099 1090 983 996 918 898 934 850 855 986 1289 1034 1007 908 799 1186 955 997 862 909 966 853 758 914 1006 796 805 1002 832 851 964 938 891 915 921 902 843 970 956 976 809 942 1069 950 1001 1084 799 
913 1008 941 1066 1126 1016 1032 878 917 1088 1052 871 1038 1403 1141 995 875 885 1210 931 1040 1078 913 1002 954 767 882 961 885 872 994 948 983 1004 930 848 1089 876 1076 881 1018 1145 994 895 1082 1156 928 976 1236 838 
933 996 999 1263 1127 1011 988 1069 1041 1119 1160 1066 1233 1383 1094 1007 1047 921 1142 1085 1019 1049 974 1069 1159 882 1065 954 903 986 953 909 1163 1120 890 828 1027 963 1166 881 1138 1140 1209 920 1106 1115 1074 975 1047 732 
1082 1174 1112 1353 1388 1333 1130 1134 1024 1253 1308 1190 1259 1629 1395 1141 990 1033 1388 1187 1221 1046 1079 1070 1225 926 1076 1187 1001 1168 1204 1057 1173 1198 1196 903 1115 1107 1222 1025 1289 1267 1179 1006 1248 1340 1168 1076 1242 928 
940 942 1115 1157 1216 1103 1018 952 989 1093 1080 959 1088 1479 1113 1117 982 864 1356 1096 1110 987 936 1150 941 887 1000 1104 917 864 1127 900 942 1082 953 837 964 981 1102 935 1163 1163 1044 764 1170 1197 1061 1041 1042 907 
893 1022 964 1207 1227 1073 1008 892 1028 1095 1099 1038 1086 1485 1194 1130 1043 865 1381 1027 1078 940 949 938 1138 843 902 1047 878 1032 1125 1006 1004 995 1039 913 1060 1065 1114 854 1141 1143 1029 904 1138 1215 1026 1063 1166 836 
1002 1035 1052 1237 1249 1072 1145 1053 1069 1177 1202 1146 1197 1473 1273 1120 1070 903 1348 1050 1153 1041 914 981 1224 918 973 1096 919 1048 1155 1003 1182 1058 1060 941 1119 1131 1163 997 1133 1188 1137 945 1232 1128 1084 1025 1176 746 
922 925 958 1130 1143 1048 1074 963 957 1062 1075 946 1075 1421 1067 1115 1111 880 1162 1009 1036 976 845 987 939 941 862 1127 895 951 989 817 1038 973 987 861 948 941 1045 948 934 1042 1024 921 1140 957 1075 969 1060 704 
788 855 849 950 1058 919 904 764 716 902 965 879 927 1187 982 848 750 868 1044 814 957 824 764 797 833 619 844 803 626 842 900 717 857 841 790 661 772 803 898 825 877 900 833 802 895 964 931 787 905 707 
1011 1072 1039 1309 1226 1140 1286 1081 1229 1198 1207 1076 1128 1475 1208 1089 1122 1023 1298 1172 1261 1156 1018 1137 1132 991 933 1188 973 1092 1172 1048 1137 1184 1000 967 1112 1142 1261 924 1163 1276 1158 1062 1321 1163 1086 1026 1244 905 
1064 1367 1258 1446 1338 1253 1319 1092 1196 1245 1179 1044 1366 1676 1349 1224 1060 1205 1407 1349 1281 1122 1084 1243 1162 1071 1087 1300 1033 1184 1366 1162 1236 1345 1197 1047 1161 1109 1305 1050 1218 1271 1227 1195 1268 1280 1294 1062 1358 891 
944 959 966 1211 1141 1017 1047 942 1016 1027 1082 1022 1054 1391 1124 1051 964 829 1215 1016 1025 1029 830 1009 1050 908 948 976 935 972 1015 921 1114 1002 972 741 1003 966 1129 862 1134 1146 1043 831 1087 1179 1010 987 1110 792 
941 980 1108 1120 1145 1033 1085 1013 1021 1073 1068 1061 1108 1405 1097 1145 1086 931 1258 1118 1141 1059 999 1085 1028 810 979 1091 852 927 976 975 1012 988 898 887 1071 1103 1061 843 1075 1123 994 905 1134 1101 1071 1044 1079 822 
912 987 954 1129 1047 1013 1014 922 1022 1089 1040 999 1023 1308 1059 1028 1050 909 1253 990 1061 992 856 856 1117 877 965 917 866 917 1010 866 986 1040 832 826 933 918 1043 851 1106 1110 1072 903 1066 1112 1030 925 1000 754 
924 987 1013 1205 1278 1128 1112 869 1021 1078 933 1163 1056 1376 1184 1193 1027 907 1186 1181 1157 951 875 954 1055 956 1021 1091 918 913 1098 985 1026 934 958 934 1069 990 1117 903 1044 1159 1029 859 1036 1110 1010 935 1094 710 
858 1051 1015 1145 1169 1047 1188 1058 1048 1164 1152 1059 1094 1480 1173 997 941 869 1148 960 1082 1132 938 1080 953 760 944 1078 774 944 1121 944 1012 1058 991 845 1072 1031 1154 929 1054 1160 1152 941 1210 1202 959 921 1027 912 
858 1033 983 1026 1078 1037 973 1038 985 939 1080 974 1095 1374 1146 963 953 1053 1092 975 958 997 892 1018 980 714 989 970 693 1000 1049 792 1055 1065 868 753 922 903 1027 923 1032 1076 1065 990 990 1064 1024 773 956 763 
858 851 821 1075 1089 1053 965 919 904 1069 1056 876 1045 1292 1075 971 831 879 1036 839 878 927 874 918 997 711 905 873 842 871 839 817 927 1067 866 726 965 778 894 878 993 936 976 839 985 1108 805 742 954 711 
969 1067 1007 1240 1140 1081 1093 1024 1070 1097 1178 1019 1064 1497 1218 1089 1090 918 1357 1096 1026 1086 985 1108 1075 902 943 1099 960 1078 1129 1066 1071 1089 1057 966 1124 1026 1185 912 1135 1198 1106 974 1199 1220 1137 1079 1175 881 
842 1002 846 1073 1028 1007 956 900 942 984 994 866 972 1302 1054 960 852 827 1029 913 910 886 871 860 945 720 948 935 797 836 958 844 984 1030 906 759 885 825 987 821 983 961 960 904 934 1047 897 808 1015 682 
912 883 1011 1010 1082 972 1021 937 902 934 967 952 1025 1327 1158 1043 924 782 1184 966 1057 907 854 881 995 732 898 1047 753 798 1070 916 1005 980 950 835 997 1033 948 874 966 1040 934 797 988 1042 837 910 1073 675 

Execution Time: 6.316 ms
