100 200
0 5 1 99 77 50 41
1 7 0 2 25 37 73 60 63
2 4 1 3 53 69
3 4 2 4 80 83
4 4 3 5 55 84
5 5 4 6 53 20 18
6 5 5 7 98 95 62
7 3 6 8 16
8 3 7 9 68
9 3 8 10 29
10 4 9 11 52 82
11 3 10 12 73
12 3 11 13 16
13 2 12 14
14 3 13 15 88
15 4 14 16 22 95
16 5 15 17 12 7 31
17 4 16 18 50 22
18 4 17 19 60 5
19 4 18 20 30 27
20 3 19 21 5
21 7 20 22 90 77 73 94 23
22 7 21 23 25 92 58 15 17
23 4 22 24 21 54
24 3 23 25 75
25 4 24 26 22 1
26 3 25 27 37
27 5 26 28 69 31 19
28 4 27 29 64 89
29 3 28 30 9
30 4 29 31 96 19
31 5 30 32 49 27 16
32 4 31 33 65 72
33 4 32 34 98 61
34 4 33 35 64 98
35 3 34 36 61
36 7 35 37 81 90 79 76 61
37 5 36 38 1 26 64
38 2 37 39
39 4 38 40 96 84
40 2 39 41
41 4 40 42 65 0
42 4 41 43 56 57
43 3 42 44 47
44 2 43 45
45 2 44 46
46 3 45 47 61
47 4 46 48 43 79
48 2 47 49
49 3 48 50 31
50 5 49 51 97 17 0
51 3 50 52 60
52 4 51 53 10 71
53 5 52 54 2 5 96
54 3 53 55 23
55 3 54 56 4
56 3 55 57 42
57 3 56 58 42
58 5 57 59 60 64 22
59 3 58 60 79
60 7 59 61 58 18 73 1 51
61 7 60 62 46 79 35 33 36
62 3 61 63 6
63 4 62 64 1 86
64 6 63 65 28 58 34 37
65 4 64 66 32 41
66 3 65 67 84
67 4 66 68 94 85
68 4 67 69 88 8
69 5 68 70 27 2 71
70 3 69 71 73
71 4 70 72 52 69
72 4 71 73 32 93
73 8 72 74 70 60 1 21 11 96
74 3 73 75 93
75 5 74 76 82 24 92
76 3 75 77 36
77 4 76 78 0 21
78 2 77 79
79 7 78 80 97 61 59 47 36
80 3 79 81 3
81 4 80 82 94 36
82 4 81 83 75 10
83 4 82 84 98 3
84 5 83 85 66 39 4
85 3 84 86 67
86 3 85 87 63
87 2 86 88
88 4 87 89 14 68
89 4 88 90 99 28
90 4 89 91 21 36
91 2 90 92
92 4 91 93 22 75
93 4 92 94 74 72
94 6 93 95 67 81 99 21
95 4 94 96 6 15
96 6 95 97 30 39 53 73
97 4 96 98 50 79
98 6 97 99 33 83 6 34
99 4 98 0 89 94
