1000 2000
0 3 1 999 49
1 4 0 2 256 985
2 3 1 3 300
3 3 2 4 228
4 3 3 5 305
5 3 4 6 350
6 4 5 7 233 485
7 5 6 8 282 67 831
8 2 7 9
9 6 8 10 150 877 698 835
10 3 9 11 997
11 2 10 12
12 3 11 13 47
13 3 12 14 436
14 5 13 15 225 880 106
15 5 14 16 90 828 335
16 5 15 17 563 539 247
17 6 16 18 338 630 863 644
18 5 17 19 514 482 910
19 5 18 20 887 340 105
20 3 19 21 886
21 2 20 22
22 2 21 23
23 5 22 24 239 729 100
24 6 23 25 323 447 261 160
25 2 24 26
26 4 25 27 154 140
27 3 26 28 441
28 6 27 29 853 173 200 260
29 4 28 30 163 824
30 2 29 31
31 3 30 32 935
32 4 31 33 628 106
33 3 32 34 701
34 5 33 35 369 666 154
35 2 34 36
36 5 35 37 838 461 653
37 3 36 38 472
38 5 37 39 848 359 706
39 4 38 40 167 235
40 2 39 41
41 2 40 42
42 4 41 43 574 511
43 6 42 44 767 736 315 761
44 4 43 45 667 995
45 4 44 46 617 972
46 5 45 47 345 658 902
47 8 46 48 975 12 487 826 830 629
48 3 47 49 522
49 4 48 50 657 0
50 5 49 51 93 332 760
51 3 50 52 870
52 3 51 53 627
53 5 52 54 987 224 351
54 3 53 55 667
55 5 54 56 592 911 458
56 3 55 57 619
57 2 56 58
58 3 57 59 73
59 4 58 60 394 339
60 5 59 61 459 963 740
61 4 60 62 528 954
62 5 61 63 245 504 463
63 2 62 64
64 5 63 65 537 405 360
65 4 64 66 885 746
66 6 65 67 851 989 252 995
67 5 66 68 694 783 7
68 3 67 69 506
69 5 68 70 565 592 774
70 5 69 71 347 390 180
71 5 70 72 845 177 967
72 5 71 73 217 261 490
73 4 72 74 931 58
74 4 73 75 263 954
75 4 74 76 808 299
76 4 75 77 923 959
77 6 76 78 236 806 502 609
78 5 77 79 564 512 973
79 5 78 80 587 790 796
80 3 79 81 420
81 6 80 82 629 909 165 326
82 3 81 83 715
83 3 82 84 243
84 5 83 85 774 692 143
85 3 84 86 850
86 3 85 87 398
87 3 86 88 614
88 6 87 89 956 735 994 957
89 5 88 90 364 422 286
90 5 89 91 397 15 672
91 4 90 92 440 772
92 3 91 93 620
93 3 92 94 50
94 5 93 95 427 897 351
95 3 94 96 900
96 2 95 97
97 5 96 98 264 682 332
98 6 97 99 156 368 669 282
99 5 98 100 821 855 236
100 4 99 101 23 479
101 4 100 102 340 775
102 5 101 103 555 743 921
103 5 102 104 525 799 494
104 4 103 105 379 761
105 4 104 106 633 19
106 5 105 107 32 762 14
107 6 106 108 201 754 367 122
108 3 107 109 613
109 5 108 110 568 126 167
110 4 109 111 886 880
111 3 110 112 413
112 6 111 113 397 607 128 793
113 2 112 114
114 6 113 115 533 157 868 959
115 3 114 116 209
116 2 115 117
117 4 116 118 171 751
118 5 117 119 410 266 122
119 6 118 120 828 694 978 607
120 3 119 121 723
121 2 120 122
122 6 121 123 741 118 107 848
123 2 122 124
124 3 123 125 490
125 3 124 126 942
126 7 125 127 109 238 823 373 619
127 2 126 128
128 7 127 129 201 213 519 112 290
129 3 128 130 454
130 3 129 131 650
131 4 130 132 171 921
132 4 131 133 330 689
133 3 132 134 138
134 4 133 135 846 558
135 3 134 136 743
136 5 135 137 789 215 807
137 4 136 138 714 795
138 4 137 139 133 610
139 5 138 140 573 943 174
140 3 139 141 26
141 5 140 142 965 928 518
142 2 141 143
143 6 142 144 159 84 614 360
144 3 143 145 340
145 4 144 146 333 823
146 2 145 147
147 3 146 148 696
148 3 147 149 817
149 3 148 150 470
150 5 149 151 448 9 898
151 2 150 152
152 4 151 153 625 556
153 2 152 154
154 5 153 155 239 26 34
155 2 154 156
156 8 155 157 420 738 98 976 654 393
157 3 156 158 114
158 4 157 159 212 235
159 4 158 160 143 392
160 5 159 161 836 24 680
161 3 160 162 958
162 7 161 163 872 712 480 804 495
163 3 162 164 29
164 6 163 165 544 448 406 882
165 5 164 166 448 81 731
166 3 165 167 749
167 5 166 168 39 621 109
168 5 167 169 915 470 664
169 3 168 170 381
170 3 169 171 200
171 6 170 172 117 131 870 730
172 3 171 173 841
173 4 172 174 232 28
174 3 173 175 139
175 3 174 176 232
176 3 175 177 350
177 6 176 178 71 672 677 703
178 5 177 179 915 643 834
179 2 178 180
180 6 179 181 183 536 70 382
181 2 180 182
182 3 181 183 862
183 4 182 184 180 312
184 3 183 185 593
185 7 184 186 578 697 390 812 409
186 4 185 187 727 568
187 2 186 188
188 2 187 189
189 3 188 190 500
190 4 189 191 736 656
191 3 190 192 806
192 4 191 193 996 905
193 3 192 194 806
194 3 193 195 386
195 3 194 196 405
196 5 195 197 605 888 431
197 5 196 198 243 820 709
198 3 197 199 682
199 3 198 200 439
200 7 199 201 512 28 520 836 170
201 6 200 202 128 731 107 904
202 4 201 203 989 828
203 6 202 204 610 818 744 763
204 2 203 205
205 4 204 206 921 217
206 2 205 207
207 3 206 208 654
208 6 207 209 288 306 606 408
209 4 208 210 115 855
210 3 209 211 422
211 3 210 212 346
212 5 211 213 158 572 994
213 5 212 214 470 128 325
214 3 213 215 887
215 4 214 216 669 136
216 2 215 217
217 4 216 218 72 205
218 2 217 219
219 4 218 220 928 286
220 5 219 221 819 393 275
221 3 220 222 936
222 2 221 223
223 5 222 224 723 468 604
224 6 223 225 413 53 683 264
225 6 224 226 347 14 464 987
226 5 225 227 264 754 634
227 3 226 228 886
228 5 227 229 939 3 682
229 6 228 230 650 356 590 694
230 3 229 231 714
231 3 230 232 861
232 5 231 233 173 550 175
233 4 232 234 524 6
234 6 233 235 420 655 351 621
235 5 234 236 39 374 158
236 4 235 237 77 99
237 3 236 238 343
238 6 237 239 622 126 298 616
239 5 238 240 154 23 623
240 2 239 241
241 5 240 242 758 419 738
242 4 241 243 949 875
243 6 242 244 197 748 605 83
244 3 243 245 312
245 3 244 246 62
246 2 245 247
247 4 246 248 786 16
248 4 247 249 581 354
249 3 248 250 472
250 3 249 251 581
251 4 250 252 887 910
252 3 251 253 66
253 5 252 254 915 898 998
254 3 253 255 843
255 3 254 256 656
256 6 255 257 465 285 402 1
257 2 256 258
258 4 257 259 781 435
259 4 258 260 714 954
260 5 259 261 945 891 28
261 9 260 262 914 642 952 72 24 635 550
262 2 261 263
263 4 262 264 788 74
264 6 263 265 97 226 361 224
265 3 264 266 914
266 3 265 267 118
267 4 266 268 853 437
268 2 267 269
269 4 268 270 958 340
270 4 269 271 751 538
271 2 270 272
272 4 271 273 564 693
273 2 272 274
274 4 273 275 508 578
275 5 274 276 844 925 220
276 4 275 277 450 940
277 4 276 278 597 458
278 3 277 279 464
279 2 278 280
280 5 279 281 787 555 909
281 5 280 282 838 528 915
282 5 281 283 7 98 931
283 2 282 284
284 2 283 285
285 5 284 286 733 920 256
286 5 285 287 219 822 89
287 3 286 288 412
288 3 287 289 208
289 5 288 290 526 606 386
290 6 289 291 796 501 684 128
291 2 290 292
292 7 291 293 544 618 693 995 879
293 3 292 294 499
294 2 293 295
295 4 294 296 791 687
296 4 295 297 399 323
297 3 296 298 964
298 4 297 299 326 238
299 3 298 300 75
300 6 299 301 512 2 960 609
301 4 300 302 718 648
302 4 301 303 537 928
303 4 302 304 723 769
304 3 303 305 549
305 3 304 306 4
306 3 305 307 208
307 5 306 308 989 856 915
308 4 307 309 656 667
309 4 308 310 495 985
310 5 309 311 862 603 971
311 3 310 312 656
312 6 311 313 461 768 244 183
313 3 312 314 521
314 5 313 315 785 888 802
315 3 314 316 43
316 4 315 317 718 693
317 5 316 318 849 856 898
318 2 317 319
319 4 318 320 959 484
320 3 319 321 579
321 4 320 322 689 335
322 3 321 323 752
323 6 322 324 24 510 894 296
324 3 323 325 876
325 3 324 326 213
326 5 325 327 298 715 81
327 3 326 328 833
328 3 327 329 958
329 3 328 330 714
330 7 329 331 379 132 571 678 458
331 4 330 332 757 592
332 5 331 333 627 50 97
333 3 332 334 145
334 3 333 335 720
335 5 334 336 576 321 15
336 4 335 337 936 908
337 2 336 338
338 3 337 339 17
339 3 338 340 59
340 7 339 341 101 19 144 269 656
341 4 340 342 400 732
342 2 341 343
343 5 342 344 721 357 237
344 5 343 345 797 827 487
345 4 344 346 378 46
346 3 345 347 211
347 4 346 348 225 70
348 2 347 349
349 6 348 350 599 975 645 745
350 4 349 351 176 5
351 5 350 352 94 234 53
352 2 351 353
353 3 352 354 766
354 5 353 355 424 859 248
355 3 354 356 390
356 4 355 357 229 628
357 5 356 358 913 607 343
358 4 357 359 927 685
359 4 358 360 462 38
360 4 359 361 143 64
361 5 360 362 485 264 395
362 4 361 363 873 594
363 3 362 364 462
364 5 363 365 89 540 434
365 2 364 366
366 4 365 367 445 572
367 5 366 368 107 906 743
368 4 367 369 98 779
369 5 368 370 34 853 606
370 3 369 371 618
371 5 370 372 757 835 632
372 3 371 373 935
373 6 372 374 960 126 624 457
374 3 373 375 235
375 2 374 376
376 4 375 377 836 478
377 2 376 378
378 3 377 379 345
379 4 378 380 330 104
380 3 379 381 458
381 3 380 382 169
382 4 381 383 658 180
383 3 382 384 582
384 4 383 385 589 759
385 3 384 386 718
386 6 385 387 693 777 194 289
387 3 386 388 486
388 2 387 389
389 3 388 390 520
390 9 389 391 529 185 70 405 857 355 791
391 2 390 392
392 5 391 393 758 465 159
393 4 392 394 220 156
394 5 393 395 940 59 537
395 5 394 396 402 708 361
396 4 395 397 499 425
397 4 396 398 90 112
398 4 397 399 86 886
399 5 398 400 296 655 509
400 7 399 401 528 525 341 951 629
401 3 400 402 493
402 5 401 403 256 395 788
403 3 402 404 824
404 3 403 405 999
405 7 404 406 195 64 390 721 438
406 4 405 407 436 164
407 3 406 408 655
408 4 407 409 451 208
409 5 408 410 708 945 185
410 3 409 411 118
411 4 410 412 439 865
412 4 411 413 837 287
413 5 412 414 111 224 679
414 2 413 415
415 2 414 416
416 3 415 417 619
417 3 416 418 735
418 3 417 419 576
419 3 418 420 241
420 6 419 421 156 234 80 493
421 3 420 422 572
422 5 421 423 210 89 676
423 3 422 424 762
424 4 423 425 354 886
425 5 424 426 817 396 506
426 4 425 427 760 683
427 6 426 428 94 910 895 658
428 2 427 429
429 3 428 430 473
430 3 429 431 644
431 4 430 432 599 196
432 2 431 433
433 2 432 434
434 5 433 435 364 737 814
435 4 434 436 258 925
436 5 435 437 13 546 406
437 4 436 438 650 267
438 7 437 439 962 633 405 660 704
439 7 438 440 550 648 564 411 199
440 5 439 441 91 694 877
441 7 440 442 824 816 27 750 887
442 2 441 443
443 3 442 444 930
444 2 443 445
445 6 444 446 571 503 366 581
446 3 445 447 598
447 3 446 448 24
448 6 447 449 939 164 165 150
449 2 448 450
450 3 449 451 276
451 4 450 452 408 720
452 4 451 453 555 623
453 4 452 454 668 597
454 4 453 455 810 129
455 4 454 456 738 676
456 3 455 457 728
457 4 456 458 885 373
458 7 457 459 330 55 831 380 277
459 3 458 460 60
460 2 459 461
461 4 460 462 312 36
462 6 461 463 359 363 872 579
463 4 462 464 62 688
464 4 463 465 278 225
465 4 464 466 256 392
466 3 465 467 557
467 6 466 468 749 566 576 896
468 4 467 469 223 575
469 3 468 470 643
470 7 469 471 213 168 528 149 870
471 6 470 472 561 586 555 588
472 8 471 473 249 625 37 630 778 955
473 3 472 474 429
474 3 473 475 644
475 4 474 476 931 563
476 3 475 477 895
477 3 476 478 831
478 5 477 479 953 376 594
479 3 478 480 100
480 6 479 481 162 955 613 607
481 3 480 482 918
482 5 481 483 494 18 809
483 5 482 484 487 865 754
484 5 483 485 798 964 319
485 7 484 486 679 951 361 6 513
486 4 485 487 387 782
487 5 486 488 483 47 344
488 2 487 489
489 3 488 490 579
490 5 489 491 951 124 72
491 2 490 492
492 3 491 493 685
493 6 492 494 420 530 721 401
494 6 493 495 610 482 582 103
495 4 494 496 309 162
496 4 495 497 658 969
497 2 496 498
498 2 497 499
499 4 498 500 396 293
500 3 499 501 189
501 4 500 502 546 290
502 4 501 503 707 77
503 4 502 504 445 794
504 3 503 505 62
505 2 504 506
506 4 505 507 68 425
507 4 506 508 781 658
508 5 507 509 274 566 587
509 4 508 510 721 399
510 4 509 511 323 792
511 6 510 512 42 575 559 535
512 5 511 513 200 300 78
513 5 512 514 967 883 485
514 5 513 515 18 779 876
515 5 514 516 823 660 720
516 2 515 517
517 2 516 518
518 4 517 519 690 141
519 4 518 520 128 990
520 5 519 521 883 200 389
521 3 520 522 313
522 4 521 523 48 936
523 3 522 524 655
524 4 523 525 233 764
525 5 524 526 103 855 400
526 5 525 527 881 289 961
527 3 526 528 795
528 8 527 529 400 281 61 470 806 853
529 3 528 530 390
530 6 529 531 722 640 833 493
531 2 530 532
532 3 531 533 803
533 3 532 534 114
534 3 533 535 613
535 4 534 536 978 511
536 4 535 537 998 180
537 5 536 538 302 64 394
538 5 537 539 976 748 270
539 3 538 540 16
540 5 539 541 806 754 364
541 2 540 542
542 5 541 543 784 847 700
543 2 542 544
544 5 543 545 164 292 785
545 2 544 546
546 6 545 547 501 436 621 953
547 4 546 548 919 562
548 2 547 549
549 5 548 550 927 750 304
550 7 549 551 439 997 232 688 261
551 2 550 552
552 2 551 553
553 4 552 554 894 884
554 4 553 555 894 707
555 7 554 556 102 471 920 452 280
556 3 555 557 152
557 4 556 558 658 466
558 6 557 559 781 665 888 134
559 5 558 560 896 906 511
560 2 559 561
561 6 560 562 881 842 471 776
562 3 561 563 547
563 6 562 564 16 909 795 475
564 5 563 565 78 272 439
565 3 564 566 69
566 5 565 567 713 508 467
567 3 566 568 867
568 4 567 569 109 186
569 3 568 570 623
570 2 569 571
571 4 570 572 445 330
572 6 571 573 212 421 366 981
573 5 572 574 139 971 915
574 4 573 575 42 796
575 4 574 576 468 511
576 5 575 577 335 467 418
577 3 576 578 731
578 4 577 579 185 274
579 5 578 580 462 320 489
580 4 579 581 932 958
581 6 580 582 857 248 445 250
582 4 581 583 383 494
583 2 582 584
584 2 583 585
585 3 584 586 899
586 3 585 587 471
587 5 586 588 79 835 508
588 3 587 589 471
589 3 588 590 384
590 5 589 591 229 601 897
591 2 590 592
592 6 591 593 55 331 69 887
593 4 592 594 184 964
594 4 593 595 362 478
595 3 594 596 835
596 2 595 597
597 5 596 598 858 277 453
598 3 597 599 446
599 8 598 600 349 823 431 997 666 824
600 2 599 601
601 4 600 602 634 590
602 4 601 603 828 944
603 3 602 604 310
604 5 603 605 909 223 874
605 5 604 606 686 243 196
606 6 605 607 912 289 208 369
607 7 606 608 711 112 357 119 480
608 3 607 609 656
609 4 608 610 77 300
610 6 609 611 203 494 971 138
611 2 610 612
612 3 611 613 940
613 5 612 614 108 534 480
614 6 613 615 87 877 143 685
615 4 614 616 955 814
616 3 615 617 238
617 3 616 618 45
618 5 617 619 292 775 370
619 6 618 620 56 416 880 126
620 3 619 621 92
621 6 620 622 920 167 546 234
622 4 621 623 238 965
623 6 622 624 569 239 981 452
624 3 623 625 373
625 5 624 626 472 152 894
626 3 625 627 768
627 4 626 628 332 52
628 6 627 629 32 732 356 789
629 5 628 630 81 47 400
630 4 629 631 472 17
631 3 630 632 640
632 5 631 633 754 371 757
633 5 632 634 886 438 105
634 6 633 635 863 680 601 226
635 3 634 636 261
636 2 635 637
637 3 636 638 673
638 2 637 639
639 3 638 640 672
640 6 639 641 912 530 631 787
641 2 640 642
642 3 641 643 261
643 4 642 644 469 178
644 6 643 645 903 474 430 17
645 4 644 646 851 349
646 3 645 647 798
647 3 646 648 873
648 5 647 649 301 439 759
649 2 648 650
650 7 649 651 229 437 130 846 683
651 2 650 652
652 2 651 653
653 4 652 654 822 36
654 5 653 655 207 745 156
655 7 654 656 523 756 407 234 399
656 9 655 657 308 608 859 255 190 340 311
657 4 656 658 49 671
658 9 657 659 382 496 46 557 427 507 679
659 3 658 660 859
660 4 659 661 515 438
661 2 660 662
662 3 661 663 964
663 3 662 664 913
664 3 663 665 168
665 4 664 666 558 756
666 6 665 667 34 918 913 599
667 6 666 668 44 308 851 54
668 4 667 669 453 689
669 5 668 670 215 772 98
670 3 669 671 849
671 3 670 672 657
672 5 671 673 177 90 639
673 3 672 674 637
674 3 673 675 949
675 2 674 676
676 4 675 677 455 422
677 3 676 678 177
678 4 677 679 330 869
679 6 678 680 485 908 413 658
680 4 679 681 634 160
681 2 680 682
682 7 681 683 830 198 693 97 228
683 6 682 684 930 224 650 426
684 3 683 685 290
685 5 684 686 492 614 358
686 3 685 687 605
687 3 686 688 295
688 6 687 689 898 463 550 811
689 8 688 690 940 321 132 834 722 668
690 3 689 691 518
691 3 690 692 770
692 3 691 693 84
693 7 692 694 682 292 386 272 316
694 7 693 695 67 715 119 229 440
695 3 694 696 767
696 3 695 697 147
697 4 696 698 185 808
698 4 697 699 967 9
699 3 698 700 958
700 3 699 701 542
701 3 700 702 33
702 2 701 703
703 3 702 704 177
704 5 703 705 785 750 438
705 5 704 706 746 716 978
706 3 705 707 38
707 4 706 708 502 554
708 4 707 709 409 395
709 3 708 710 197
710 2 709 711
711 3 710 712 607
712 4 711 713 162 721
713 5 712 714 566 741 734
714 6 713 715 137 230 259 329
715 6 714 716 694 847 326 82
716 4 715 717 705 846
717 3 716 718 919
718 7 717 719 301 385 884 316 814
719 2 718 720
720 7 719 721 334 725 451 815 515
721 7 720 722 343 405 712 509 493
722 4 721 723 530 689
723 5 722 724 303 120 223
724 2 723 725
725 3 724 726 720
726 3 725 727 735
727 4 726 728 848 186
728 3 727 729 456
729 3 728 730 23
730 3 729 731 171
731 5 730 732 201 165 577
732 5 731 733 628 341 994
733 4 732 734 285 956
734 3 733 735 713
735 5 734 736 88 417 726
736 4 735 737 190 43
737 5 736 738 845 434 915
738 5 737 739 156 455 241
739 3 738 740 976
740 4 739 741 859 60
741 5 740 742 122 713 802
742 3 741 743 970
743 5 742 744 102 135 367
744 4 743 745 806 203
745 4 744 746 654 349
746 5 745 747 705 760 65
747 3 746 748 899
748 4 747 749 243 538
749 4 748 750 166 467
750 6 749 751 549 704 441 774
751 5 750 752 270 821 117
752 3 751 753 322
753 2 752 754
754 7 753 755 632 540 107 226 483
755 2 754 756
756 4 755 757 655 665
757 5 756 758 371 331 632
758 4 757 759 241 392
759 4 758 760 384 648
760 7 759 761 426 891 746 837 50
761 4 760 762 104 43
762 4 761 763 423 106
763 3 762 764 203
764 3 763 765 524
765 2 764 766
766 4 765 767 353 985
767 5 766 768 695 992 43
768 5 767 769 626 312 883
769 3 768 770 303
770 3 769 771 691
771 2 770 772
772 4 771 773 669 91
773 3 772 774 818
774 5 773 775 84 750 69
775 4 774 776 618 101
776 3 775 777 561
777 3 776 778 386
778 4 777 779 948 472
779 4 778 780 514 368
780 2 779 781
781 7 780 782 507 558 258 925 970
782 3 781 783 486
783 3 782 784 67
784 3 783 785 542
785 6 784 786 544 949 704 314
786 3 785 787 247
787 4 786 788 640 280
788 4 787 789 263 402
789 5 788 790 136 628 996
790 3 789 791 79
791 4 790 792 295 390
792 3 791 793 510
793 3 792 794 112
794 4 793 795 994 503
795 7 794 796 903 137 804 563 527
796 6 795 797 290 898 79 574
797 3 796 798 344
798 4 797 799 484 646
799 4 798 800 103 980
800 2 799 801
801 3 800 802 968
802 5 801 803 820 741 314
803 4 802 804 532 950
804 4 803 805 795 162
805 2 804 806
806 9 805 807 191 540 744 77 896 193 528
807 3 806 808 136
808 4 807 809 75 697
809 3 808 810 482
810 3 809 811 454
811 3 810 812 688
812 4 811 813 185 852
813 3 812 814 901
814 5 813 815 718 615 434
815 3 814 816 720
816 3 815 817 441
817 4 816 818 425 148
818 5 817 819 863 203 773
819 4 818 820 220 824
820 4 819 821 197 802
821 4 820 822 99 751
822 6 821 823 286 941 832 653
823 7 822 824 515 599 885 126 145
824 8 823 825 441 29 819 863 599 403
825 2 824 826
826 3 825 827 47
827 3 826 828 344
828 6 827 829 202 119 15 602
829 2 828 830
830 4 829 831 682 47
831 5 830 832 458 7 477
832 3 831 833 822
833 4 832 834 327 530
834 4 833 835 689 178
835 6 834 836 371 587 9 595
836 5 835 837 376 160 200
837 4 836 838 412 760
838 4 837 839 281 36
839 2 838 840
840 2 839 841
841 4 840 842 172 962
842 3 841 843 561
843 3 842 844 254
844 4 843 845 275 928
845 4 844 846 71 737
846 6 845 847 134 978 650 716
847 4 846 848 542 715
848 5 847 849 38 727 122
849 4 848 850 317 670
850 3 849 851 85
851 6 850 852 645 895 66 667
852 3 851 853 812
853 6 852 854 28 267 369 528
854 3 853 855 887
855 5 854 856 525 99 209
856 5 855 857 307 317 896
857 4 856 858 581 390
858 3 857 859 597
859 7 858 860 740 656 354 863 659
860 3 859 861 938
861 3 860 862 231
862 4 861 863 182 310
863 7 862 864 818 634 859 17 824
864 2 863 865
865 4 864 866 483 411
866 2 865 867
867 3 866 868 567
868 3 867 869 114
869 3 868 870 678
870 5 869 871 171 51 470
871 2 870 872
872 4 871 873 162 462
873 5 872 874 362 647 960
874 3 873 875 604
875 3 874 876 242
876 4 875 877 324 514
877 5 876 878 614 9 440
878 2 877 879
879 3 878 880 292
880 5 879 881 619 14 110
881 4 880 882 561 526
882 3 881 883 164
883 5 882 884 520 768 513
884 4 883 885 718 553
885 5 884 886 65 457 823
886 8 885 887 20 424 633 110 398 227
887 8 886 888 251 19 441 214 854 592
888 5 887 889 314 558 196
889 2 888 890
890 2 889 891
891 4 890 892 260 760
892 2 891 893
893 2 892 894
894 6 893 895 553 323 554 625
895 5 894 896 427 851 476
896 8 895 897 559 928 925 856 806 467
897 4 896 898 94 590
898 7 897 899 688 796 317 253 150
899 4 898 900 585 747
900 3 899 901 95
901 3 900 902 813
902 4 901 903 965 46
903 4 902 904 795 644
904 3 903 905 201
905 3 904 906 192
906 4 905 907 559 367
907 2 906 908
908 5 907 909 992 679 336
909 6 908 910 563 604 81 280
910 5 909 911 427 251 18
911 3 910 912 55
912 4 911 913 640 606
913 5 912 914 357 666 663
914 4 913 915 261 265
915 9 914 916 178 307 253 168 573 281 737
916 3 915 917 979
917 2 916 918
918 4 917 919 666 481
919 4 918 920 547 717
920 5 919 921 621 285 555
921 6 920 922 205 934 102 131
922 2 921 923
923 3 922 924 76
924 3 923 925 991
925 6 924 926 896 275 781 435
926 2 925 927
927 4 926 928 549 358
928 7 927 929 896 219 302 141 844
929 2 928 930
930 4 929 931 443 683
931 6 930 932 73 475 282 942
932 3 931 933 580
933 2 932 934
934 3 933 935 921
935 4 934 936 372 31
936 5 935 937 522 336 221
937 2 936 938
938 3 937 939 860
939 4 938 940 228 448
940 6 939 941 689 394 612 276
941 4 940 942 822 955
942 4 941 943 125 931
943 3 942 944 139
944 3 943 945 602
945 4 944 946 260 409
946 2 945 947
947 2 946 948
948 3 947 949 778
949 5 948 950 785 242 674
950 3 949 951 803
951 5 950 952 490 400 485
952 3 951 953 261
953 4 952 954 478 546
954 5 953 955 61 259 74
955 6 954 956 615 480 472 941
956 4 955 957 88 733
957 3 956 958 88
958 7 957 959 699 328 161 269 580
959 5 958 960 319 76 114
960 5 959 961 373 873 300
961 3 960 962 526
962 4 961 963 438 841
963 3 962 964 60
964 6 963 965 484 593 297 662
965 5 964 966 141 902 622
966 2 965 967
967 5 966 968 513 698 71
968 3 967 969 801
969 3 968 970 496
970 4 969 971 742 781
971 5 970 972 610 573 310
972 3 971 973 45
973 3 972 974 78
974 2 973 975
975 4 974 976 47 349
976 5 975 977 538 156 739
977 2 976 978
978 6 977 979 846 119 535 705
979 3 978 980 916
980 3 979 981 799
981 4 980 982 623 572
982 2 981 983
983 2 982 984
984 2 983 985
985 5 984 986 766 309 1
986 2 985 987
987 4 986 988 53 225
988 2 987 989
989 5 988 990 307 202 66
990 3 989 991 519
991 3 990 992 924
992 4 991 993 908 767
993 2 992 994
994 6 993 995 794 212 88 732
995 5 994 996 292 66 44
996 4 995 997 192 789
997 5 996 998 550 599 10
998 4 997 999 536 253
999 3 998 0 404
