1000 2000
0 3 650 42 640
1 0
2 4 949 445 816 874
3 5 860 322 980 924 349
4 2 161 83
5 3 302 37 791
6 2 471 304
7 1 17
8 0
9 4 772 485 274 110
10 1 116
11 3 881 21 254
12 2 881 924
13 4 730 281 284 250
14 3 660 858 482
15 2 208 997
16 0
17 2 263 601
18 4 187 649 458 247
19 6 575 33 740 865 556 697
20 2 422 362
21 2 928 726
22 2 663 840
23 1 182
24 2 311 450
25 2 732 402
26 1 589
27 1 989
28 0
29 1 551
30 3 764 786 62
31 1 316
32 5 223 235 808 437 121
33 1 896
34 2 768 561
35 0
36 3 843 770 678
37 1 559
38 2 95 680
39 3 274 877 605
40 2 152 929
41 0
42 2 134 21
43 1 541
44 3 49 765 360
45 4 302 303 271 153
46 2 987 656
47 3 703 842 738
48 1 888
49 5 149 276 845 440 94
50 2 247 101
51 4 490 905 115 347
52 1 203
53 4 971 446 145 453
54 5 217 675 817 443 236
55 1 709
56 2 614 337
57 3 918 577 569
58 1 936
59 2 566 71
60 0
61 2 771 427
62 3 166 788 855
63 5 449 533 174 412 567
64 1 53
65 2 350 444
66 2 333 629
67 2 253 992
68 2 423 635
69 0
70 5 118 140 77 755 417
71 0
72 1 632
73 3 483 802 42
74 4 26 245 59 199
75 5 637 203 898 384 924
76 0
77 2 253 615
78 3 717 40 228
79 1 209
80 1 16
81 1 150
82 1 382
83 4 539 890 270 979
84 1 920
85 1 945
86 3 474 704 91
87 2 203 27
88 1 246
89 2 899 142
90 0
91 0
92 0
93 3 26 34 761
94 1 434
95 1 395
96 4 65 186 857 769
97 1 745
98 1 230
99 1 46
100 2 854 273
101 4 644 741 304 972
102 3 839 751 401
103 2 910 460
104 0
105 2 46 693
106 3 973 818 554
107 3 222 430 490
108 3 70 630 530
109 0
110 1 133
111 3 693 826 856
112 1 36
113 5 751 94 975 79 794
114 1 865
115 3 78 300 834
116 0
117 0
118 2 860 159
119 2 3 213
120 1 576
121 1 687
122 2 862 166
123 2 812 662
124 1 585
125 1 222
126 1 453
127 2 634 39
128 1 707
129 2 505 437
130 2 435 641
131 2 671 626
132 3 361 919 435
133 0
134 1 256
135 2 895 26
136 2 655 956
137 3 136 138 417
138 2 183 324
139 2 910 859
140 3 789 170 705
141 2 818 791
142 0
143 2 474 433
144 1 900
145 3 852 151 226
146 4 547 488 72 691
147 4 616 858 692 796
148 1 859
149 0
150 2 285 11
151 4 481 102 881 687
152 1 856
153 1 911
154 1 278
155 1 848
156 0
157 3 345 507 361
158 2 991 422
159 1 317
160 2 379 992
161 0
162 6 720 868 266 5 95 795
163 2 25 888
164 1 510
165 0
166 2 899 469
167 6 236 498 840 660 19 268
168 2 7 264
169 2 755 163
170 1 385
171 2 576 104
172 1 532
173 2 865 870
174 3 616 894 21
175 1 866
176 4 1 418 259 644
177 1 452
178 2 703 367
179 0
180 3 213 635 337
181 1 441
182 3 606 307 598
183 3 256 199 661
184 1 622
185 1 262
186 2 448 728
187 3 230 899 582
188 2 258 550
189 1 39
190 2 690 140
191 1 149
192 2 649 759
193 1 355
194 3 369 415 538
195 2 717 232
196 2 8 328
197 2 489 143
198 0
199 0
200 1 778
201 3 130 797 425
202 5 324 102 184 128 935
203 3 522 283 731
204 2 248 0
205 3 981 484 52
206 3 879 853 635
207 2 402 872
208 4 954 318 907 263
209 3 331 631 69
210 3 287 123 44
211 1 146
212 1 832
213 1 559
214 2 827 611
215 1 546
216 3 759 275 661
217 1 822
218 1 983
219 4 675 681 233 455
220 2 742 316
221 2 488 677
222 0
223 1 897
224 4 587 628 752 703
225 1 144
226 1 653
227 1 839
228 1 354
229 4 247 199 283 107
230 1 978
231 1 66
232 0
233 1 368
234 2 803 38
235 2 640 895
236 2 684 868
237 4 500 607 344 103
238 4 377 383 387 374
239 3 48 995 924
240 1 789
241 2 14 13
242 2 340 188
243 0
244 1 301
245 2 267 577
246 4 518 558 290 163
247 1 605
248 2 320 750
249 2 645 740
250 2 566 902
251 0
252 0
253 0
254 0
255 5 944 223 450 834 199
256 2 118 389
257 1 686
258 0
259 1 121
260 1 750
261 3 720 88 731
262 5 116 78 731 848 575
263 1 203
264 5 790 803 209 774 669
265 2 870 968
266 1 3
267 2 168 157
268 3 348 739 798
269 1 507
270 3 303 633 611
271 1 283
272 2 620 445
273 2 115 549
274 1 555
275 2 78 132
276 0
277 2 534 928
278 1 76
279 2 712 707
280 1 186
281 1 264
282 1 5
283 0
284 3 408 169 982
285 0
286 1 92
287 0
288 4 8 103 949 221
289 3 497 728 47
290 1 663
291 4 301 164 614 928
292 4 711 449 684 108
293 0
294 5 477 525 363 122 15
295 0
296 3 708 973 499
297 5 951 25 529 562 304
298 1 884
299 1 753
300 0
301 0
302 3 990 77 632
303 4 705 758 449 103
304 2 15 273
305 2 901 855
306 4 945 797 666 960
307 3 105 797 796
308 1 332
309 0
310 0
311 3 166 249 840
312 4 424 321 224 379
313 2 115 657
314 1 660
315 1 555
316 0
317 1 663
318 1 571
319 2 511 273
320 1 764
321 1 72
322 1 879
323 4 595 541 227 690
324 3 885 250 744
325 0
326 0
327 5 223 557 342 783 838
328 1 739
329 2 52 391
330 3 90 368 435
331 2 966 124
332 0
333 1 476
334 3 562 200 749
335 1 253
336 1 15
337 0
338 5 438 812 845 249 539
339 2 555 268
340 1 108
341 1 376
342 3 743 404 318
343 2 609 249
344 6 49 81 13 156 957 978
345 5 113 590 769 130 363
346 2 765 440
347 1 975
348 0
349 1 716
350 3 948 830 953
351 2 581 63
352 1 498
353 1 106
354 3 219 386 480
355 2 667 760
356 3 707 772 323
357 2 762 99
358 5 33 983 312 302 788
359 1 424
360 4 153 51 607 840
361 3 357 179 523
362 1 471
363 5 853 30 301 714 586
364 2 71 783
365 4 273 600 482 976
366 0
367 1 293
368 1 605
369 1 694
370 4 144 869 584 889
371 3 406 623 232
372 1 956
373 5 909 389 415 751 372
374 3 469 607 960
375 0
376 1 881
377 1 35
378 3 443 279 465
379 2 531 519
380 3 199 957 473
381 2 403 360
382 2 97 689
383 4 231 137 485 497
384 1 264
385 0
386 2 102 393
387 1 634
388 5 947 718 528 504 64
389 0
390 3 622 874 676
391 2 943 711
392 4 984 390 818 628
393 2 26 301
394 2 682 373
395 2 761 415
396 3 471 208 468
397 3 420 78 931
398 2 234 780
399 0
400 4 693 231 205 555
401 1 394
402 1 990
403 2 728 617
404 3 810 830 382
405 4 164 594 290 633
406 3 683 295 195
407 3 812 754 616
408 1 882
409 3 861 127 815
410 1 725
411 2 848 19
412 4 136 582 528 614
413 2 800 536
414 2 177 620
415 0
416 2 414 445
417 1 187
418 2 79 942
419 2 558 305
420 1 29
421 2 248 801
422 2 216 223
423 1 448
424 0
425 1 916
426 3 746 834 118
427 4 531 173 338 685
428 2 604 296
429 4 168 133 52 408
430 0
431 1 104
432 1 232
433 2 912 336
434 2 929 219
435 1 17
436 0
437 1 942
438 3 422 497 405
439 5 74 316 591 917 552
440 1 186
441 1 935
442 2 494 105
443 2 52 294
444 3 49 973 829
445 3 639 193 818
446 4 615 339 687 610
447 1 348
448 2 669 67
449 1 356
450 1 946
451 6 288 655 921 789 903 517
452 3 668 117 630
453 0
454 2 26 306
455 7 350 790 268 450 59 761 826
456 0
457 3 522 787 585
458 3 144 325 743
459 2 971 797
460 1 489
461 4 76 418 715 717
462 1 732
463 1 709
464 1 596
465 1 842
466 1 132
467 3 892 407 432
468 2 978 423
469 2 446 761
470 5 46 842 84 375 684
471 2 329 544
472 5 511 270 360 930 984
473 3 523 515 396
474 2 87 794
475 2 356 119
476 2 953 792
477 2 675 984
478 3 114 911 167
479 2 406 647
480 1 494
481 4 947 790 120 817
482 1 579
483 2 42 550
484 2 276 600
485 6 798 810 53 265 510 112
486 1 727
487 4 640 543 19 191
488 1 189
489 3 610 378 455
490 3 487 47 658
491 1 562
492 5 748 202 282 766 644
493 1 737
494 6 551 412 42 315 482 325
495 2 561 314
496 1 249
497 5 101 66 554 451 268
498 2 786 499
499 3 851 412 727
500 6 871 569 44 966 600 889
501 3 10 569 242
502 4 276 42 307 51
503 4 12 710 115 298
504 1 850
505 1 393
506 0
507 1 172
508 4 828 105 908 704
509 3 30 620 502
510 2 284 955
511 3 233 54 200
512 2 213 868
513 1 936
514 2 728 726
515 3 799 444 691
516 2 432 391
517 4 677 999 652 812
518 3 280 439 758
519 1 509
520 3 529 892 193
521 5 838 64 531 589 670
522 3 560 136 731
523 2 791 789
524 5 828 182 203 560 547
525 2 557 364
526 1 535
527 1 508
528 1 662
529 3 263 163 656
530 1 397
531 2 418 668
532 1 647
533 3 929 257 50
534 2 20 52
535 1 874
536 2 365 451
537 0
538 3 375 80 973
539 2 608 829
540 1 47
541 1 617
542 5 35 152 82 411 93
543 2 603 342
544 1 388
545 2 974 916
546 1 971
547 2 537 667
548 1 989
549 3 422 983 665
550 2 168 860
551 3 548 365 42
552 2 143 65
553 2 8 700
554 1 781
555 3 747 816 206
556 4 13 390 767 370
557 1 514
558 2 169 772
559 1 812
560 1 579
561 0
562 3 90 781 620
563 0
564 0
565 0
566 3 318 426 96
567 1 938
568 2 631 547
569 2 360 909
570 2 344 379
571 2 321 166
572 2 115 275
573 1 209
574 1 340
575 3 970 754 467
576 5 410 589 351 75 823
577 2 126 967
578 0
579 0
580 2 476 96
581 3 259 53 643
582 2 478 644
583 1 808
584 4 602 382 201 971
585 1 880
586 2 610 921
587 2 127 114
588 0
589 2 736 460
590 2 977 48
591 3 930 694 283
592 2 539 315
593 3 916 814 452
594 2 44 46
595 0
596 2 95 951
597 3 831 689 968
598 1 975
599 2 352 197
600 1 249
601 0
602 5 8 491 55 435 767
603 2 944 749
604 0
605 5 34 673 253 994 83
606 2 820 601
607 0
608 2 131 223
609 0
610 0
611 2 500 68
612 6 162 683 646 590 993 153
613 0
614 0
615 1 540
616 1 438
617 2 765 987
618 2 790 211
619 1 251
620 1 691
621 3 675 6 78
622 2 142 348
623 1 837
624 2 428 941
625 0
626 1 956
627 2 507 807
628 3 97 72 103
629 4 942 543 857 514
630 0
631 1 431
632 0
633 4 313 510 689 735
634 4 507 974 736 688
635 1 113
636 2 703 358
637 1 541
638 1 528
639 3 976 756 263
640 2 194 162
641 1 394
642 0
643 0
644 1 931
645 3 160 911 285
646 0
647 0
648 1 391
649 1 665
650 2 851 54
651 2 142 836
652 2 881 731
653 4 574 775 645 985
654 1 22
655 0
656 0
657 0
658 1 307
659 0
660 4 960 104 630 314
661 2 115 666
662 2 290 458
663 1 86
664 1 35
665 2 850 846
666 0
667 1 733
668 4 626 157 773 546
669 2 698 931
670 2 766 426
671 1 775
672 0
673 3 947 638 280
674 2 841 904
675 2 65 57
676 1 260
677 2 169 891
678 3 105 771 945
679 3 935 95 653
680 2 273 810
681 1 447
682 2 890 135
683 5 623 379 209 152 94
684 3 583 10 504
685 2 650 620
686 1 415
687 1 999
688 2 769 371
689 2 101 512
690 2 190 938
691 4 84 926 15 593
692 5 539 448 624 362 81
693 1 9
694 1 675
695 3 460 762 816
696 1 873
697 0
698 2 80 651
699 3 446 989 87
700 3 19 199 958
701 1 908
702 3 94 332 66
703 1 221
704 1 248
705 3 770 860 389
706 2 350 53
707 4 285 526 232 613
708 2 31 642
709 4 680 955 172 300
710 0
711 0
712 2 910 354
713 0
714 2 176 655
715 2 642 936
716 2 23 639
717 3 381 733 711
718 2 67 378
719 2 923 800
720 2 933 712
721 1 865
722 1 513
723 5 375 282 508 671 592
724 4 628 731 423 694
725 0
726 5 428 194 895 966 268
727 4 780 996 464 271
728 2 532 848
729 0
730 2 367 975
731 0
732 5 720 773 111 274 84
733 2 439 799
734 2 241 226
735 1 674
736 2 300 395
737 3 277 935 157
738 3 616 821 136
739 2 370 776
740 1 711
741 5 833 772 259 214 602
742 1 529
743 2 452 914
744 3 98 174 863
745 3 127 90 655
746 3 726 135 439
747 2 661 680
748 3 505 918 546
749 2 973 961
750 1 425
751 2 206 887
752 2 440 905
753 1 579
754 1 382
755 3 607 626 843
756 5 396 828 193 206 703
757 1 185
758 1 404
759 2 279 731
760 3 409 156 294
761 0
762 4 937 92 269 308
763 2 904 470
764 1 121
765 2 281 843
766 2 294 88
767 1 280
768 2 430 95
769 3 163 931 162
770 2 966 477
771 1 927
772 0
773 0
774 3 798 297 765
775 2 899 755
776 2 297 986
777 2 242 216
778 3 609 921 876
779 3 112 895 10
780 2 233 155
781 0
782 2 357 850
783 1 637
784 2 135 978
785 1 250
786 3 406 620 137
787 2 397 991
788 2 115 683
789 1 613
790 2 220 595
791 2 749 861
792 3 167 589 795
793 0
794 1 499
795 1 90
796 4 688 945 374 434
797 3 888 643 501
798 4 529 865 285 501
799 0
800 1 38
801 3 538 459 759
802 3 401 290 310
803 4 938 423 294 16
804 1 303
805 3 364 684 278
806 3 522 355 486
807 1 409
808 2 27 672
809 2 945 48
810 6 958 11 589 381 573 478
811 3 94 517 641
812 3 941 162 721
813 2 994 102
814 1 708
815 1 371
816 1 8
817 2 909 732
818 6 171 871 600 726 734 962
819 2 476 733
820 0
821 3 425 212 468
822 2 941 236
823 1 482
824 1 863
825 2 16 508
826 5 671 332 716 799 165
827 5 780 694 991 987 303
828 1 710
829 0
830 3 307 235 698
831 4 694 671 890 240
832 3 343 875 222
833 1 70
834 3 69 828 42
835 2 743 737
836 4 641 537 102 517
837 1 571
838 4 247 949 594 616
839 1 69
840 1 297
841 0
842 0
843 4 882 30 587 633
844 2 419 946
845 1 606
846 4 667 957 934 241
847 4 518 980 7 176
848 2 607 9
849 2 875 913
850 2 585 860
851 3 494 641 912
852 4 377 895 170 855
853 3 567 774 907
854 1 149
855 1 614
856 6 291 699 579 478 749 49
857 1 165
858 6 781 658 600 163 177 664
859 0
860 2 104 723
861 5 615 75 599 650 434
862 0
863 0
864 1 656
865 4 569 690 330 296
866 0
867 4 282 396 895 997
868 2 489 429
869 1 394
870 2 265 75
871 2 734 833
872 5 856 65 331 161 384
873 0
874 3 836 259 192
875 5 189 620 901 148 580
876 5 933 244 984 251 168
877 1 181
878 1 695
879 2 349 778
880 2 143 754
881 1 393
882 4 731 457 567 269
883 4 575 193 714 772
884 4 910 747 878 118
885 4 450 60 683 298
886 1 79
887 2 367 6
888 2 626 199
889 1 999
890 3 959 926 966
891 1 819
892 3 83 416 779
893 1 745
894 4 749 702 746 505
895 1 309
896 1 828
897 3 267 120 887
898 5 674 392 285 655 95
899 2 985 955
900 4 199 2 886 466
901 3 548 227 248
902 4 130 140 440 838
903 2 685 577
904 3 909 214 545
905 3 928 516 163
906 2 792 579
907 5 21 186 393 653 525
908 2 601 914
909 3 567 801 685
910 2 453 781
911 2 477 365
912 2 958 497
913 5 137 480 446 759 817
914 3 88 982 681
915 2 354 304
916 1 906
917 2 124 712
918 1 55
919 0
920 1 78
921 3 64 657 830
922 5 263 896 666 306 515
923 0
924 3 374 898 96
925 2 638 892
926 2 13 731
927 0
928 2 199 729
929 3 622 62 284
930 0
931 3 305 89 77
932 2 590 79
933 3 703 625 361
934 2 13 35
935 2 464 938
936 5 205 868 391 9 762
937 3 404 54 109
938 1 751
939 1 171
940 0
941 1 283
942 0
943 2 817 804
944 0
945 1 663
946 1 115
947 0
948 2 985 823
949 3 530 219 43
950 1 727
951 1 958
952 4 44 649 802 67
953 0
954 0
955 0
956 0
957 1 823
958 4 503 962 486 329
959 2 77 700
960 0
961 4 106 696 576 685
962 2 67 132
963 2 909 945
964 2 96 311
965 1 789
966 1 386
967 1 679
968 1 717
969 4 977 782 393 71
970 1 932
971 0
972 2 512 753
973 1 1
974 0
975 3 658 836 5
976 2 350 241
977 3 232 349 634
978 0
979 0
980 2 182 129
981 2 490 281
982 1 917
983 2 438 421
984 1 881
985 0
986 0
987 1 701
988 0
989 3 160 576 637
990 3 953 566 530
991 2 443 390
992 4 717 669 278 348
993 1 436
994 2 719 684
995 2 746 528
996 2 268 990
997 1 937
998 1 725
999 3 750 388 957
0.85
0.000001
100
