100 200
0 5 62 73 79 72 30
1 3 84 50 58
2 3 59 88 45
3 1 38
4 2 80 99
5 0
6 3 62 47 90
7 3 92 14 10
8 0
9 3 36 33 76
10 1 75
11 2 69 57
12 3 0 16 76
13 1 6
14 1 17
15 2 81 9
16 1 6
17 3 52 96 49
18 1 36
19 1 53
20 1 60
21 3 25 52 49
22 9 95 21 68 1 14 3 56 32 28
23 2 65 15
24 2 46 0
25 1 2
26 1 91
27 1 42
28 0
29 2 39 62
30 0
31 0
32 1 70
33 1 36
34 0
35 2 78 15
36 1 18
37 1 72
38 3 52 69 7
39 4 36 80 31 92
40 6 83 29 59 4 89 21
41 4 45 14 4 86
42 3 50 55 72
43 1 57
44 1 9
45 1 97
46 1 18
47 1 40
48 2 75 24
49 0
50 3 32 47 35
51 5 15 38 0 45 83
52 2 1 8
53 2 67 47
54 1 53
55 0
56 2 73 72
57 3 94 79 82
58 1 88
59 0
60 3 85 74 34
61 6 70 75 37 26 78 24
62 2 65 89
63 2 82 53
64 0
65 3 29 57 19
66 3 43 13 46
67 1 7
68 0
69 1 18
70 0
71 3 4 9 12
72 1 7
73 2 25 35
74 3 44 47 54
75 0
76 1 10
77 4 89 90 35 56
78 2 38 50
79 5 71 25 78 33 87
80 2 84 43
81 1 76
82 2 30 88
83 6 85 40 87 20 43 35
84 0
85 3 15 79 12
86 3 30 96 99
87 2 94 3
88 0
89 0
90 3 4 99 44
91 1 78
92 1 90
93 2 3 66
94 2 50 40
95 3 29 41 23
96 5 72 2 98 94 55
97 5 77 73 90 92 9
98 2 69 5
99 2 5 61
0.85
0.000001
100
